$ANSIBLE_VAULT;1.1;AES256
61313266323762313031333966646536333737626161363562333331376663356234653361653262
6437386138613437356335656432356365366561313836340a323766376166326665333930653635
64313831633937633562306433373566633264393138653934643931643033653035346233646431
3165383739663661300a653135373861613030333865373766383635623038356636376239333464
64343564306231616434383464363932376366346630366635633165386331303632393364636633
35393862313666313832643464386334343963613735666339646564666634353930316230363532
34356235386461366632323463346161393730616666333233303435643732353963383763363562
34323435373464616433303331383136363037633638643962396334383537366535393838383133
36373436646335643030333765633930306339363835646536643732646631653164383665653766
31613337376133343432313734353838356239616461313462326564353632383633346231383332
63356637623431653133643635646438363035396566343164656239343366313662663434343665
63396165323439613531633537323862343436623639653232666438336261306435336433363365
6637
